20141002
20141001
20140930
20140929
20140928
20140927
20140926
20140925
20140924
20140923
20140922
20140921
20140920
20140919
20140918
20140917
20140916
20140915
20140914
20140913
20140912
20140911
20140910
20140909
20140908
20140907
20140906
20140905
20140904
20140903
20140902
20140901
20140831
20140830
20140829
20140828
20140827
20140826
20140825
20140824
20140823
20140822
20140821
20140820
20140819
20140818
20140817
20140816
20140815
20140814
20140813
20140812
20140811
20140810
20140809
20140808
20140807
20140806
20140805
20140804
20140803
20140802
20140801
20140731
20140730
20140729
20140728
20140727
20140726
20140725
20140724
20140723
20140722
20140721
20140720
20140719
20140718
20140717
20140716
20140715
20140714
20140713
20140712
20140711
20140710
20140709
20140708
20140707
20140706
20140705
20140704
20140703
20140702
20140701
20140630
20140629
20140628
20140627
20140626
20140625
20140624
20140623
20140622
20140621
20140620
20140619
20140618
20140617
20140616
20140615
20140614
20140613
20140612
20140611
20140610
20140609
20140608
20140607
20140606
20140605
20140604
20140603
20140602
20140601
20140531
20140530
20140529
20140528
20140527
20140526
20140525
20140524
20140523
20140522
20140521
20140520
20140519
20140518
20140517
20140516
20140515
20140514
20140513
20140512
20140511
20140510
20140509
20140508
20140507
20140506
20140505
20140504
20140503
20140502
20140501
20140430
20140429
20140428
20140427
20140426
20140425
20140424
20140423
20140422
20140421
20140420
20140419
20140418
20140417
20140416
20140415
20140414
20140413
20140412
20140411
20140410
20140409
20140408
20140407
20140406
20140405
20140404
20140403
20140402
20140401
20140331
20140330
20140329
20140328
20140327
20140326
20140325
20140324
20140323
20140322
20140321
20140320
20140319
20140318
20140317
20140316
20140315
20140314
20140313
20140312
20140311
20140310
20140309
20140308
20140307
20140306
20140305
20140304
20140303
20140302
20140301
20140228
20140227
20140226
20140225
20140224
20140223
20140222
20140221
20140220
20140219
20140218
20140217
20140216
20140215
20140214
20140213
20140212
20140211
20140210
20140209
20140208
20140207
20140206
20140205
20140204
20140203
20140202
20140201
20140131
20140130
20140129
20140128
20140127
20140126
20140125
20140124
20140123
20140122
20140121
20140120
20140119
20140118
20140117
20140116
20140115
20140114
20140113
20140112
20140111
20140110
20140109
20140108
20140107
20140106
20140105
20140104
20140103
20140102
20140101
